{"n": 16, "N_variation": [64, 128, 192, 255], "R_list_variation": [100, 1000], "epsilon": 0.05, "epsilon_o": 1e-05, "N_list_set": [[16, 16, 16, 16, 16, 16, 16, 16, 16, 16, 16, 16, 16, 16, 16, 16, 16, 16, 16, 16, 16, 16, 16, 16, 16, 16, 16, 16, 16, 16, 16, 16, 16, 16, 16, 16, 16, 16, 16, 16, 16, 16, 16, 16, 16, 16, 16, 16, 16, 16, 16, 16, 16, 16, 16, 16, 16, 16, 16, 16, 16, 16, 16, 16], [16, 16, 16, 16, 16, 16, 16, 16, 16, 16, 16, 16, 16, 16, 16, 16, 16, 16, 16, 16, 16, 16, 16, 16, 16, 16, 16, 16, 16, 16, 16, 16, 16, 16, 16, 16, 16, 16, 16, 16, 16, 16, 16, 16, 16, 16, 16, 16, 16, 16, 16, 16, 16, 16, 16, 16, 16, 16, 16, 16, 16, 16, 16, 16], [16, 16, 16, 16, 16, 16, 16, 16, 16, 16, 16, 16, 16, 16, 16, 16, 16, 16, 16, 16, 16, 16, 16, 16, 16, 16, 16, 16, 16, 16, 16, 16, 16, 16, 16, 16, 16, 16, 16, 16, 16, 16, 16, 16, 16, 16, 16, 16, 16, 16, 16, 16, 16, 16, 16, 16, 16, 16, 16, 16, 16, 16, 16, 16, 16, 16, 16, 16, 16, 16, 16, 16, 16, 16, 16, 16, 16, 16, 16, 16, 16, 16, 16, 16, 16, 16, 16, 16, 16, 16, 16, 16, 16, 16, 16, 16, 16, 16, 16, 16, 16, 16, 16, 16, 16, 16, 16, 16, 16, 16, 16, 16, 16, 16, 16, 16, 16, 16, 16, 16, 16, 16, 16, 16, 16, 16, 16, 16], [16, 16, 16, 16, 16, 16, 16, 16, 16, 16, 16, 16, 16, 16, 16, 16, 16, 16, 16, 16, 16, 16, 16, 16, 16, 16, 16, 16, 16, 16, 16, 16, 16, 16, 16, 16, 16, 16, 16, 16, 16, 16, 16, 16, 16, 16, 16, 16, 16, 16, 16, 16, 16, 16, 16, 16, 16, 16, 16, 16, 16, 16, 16, 16, 16, 16, 16, 16, 16, 16, 16, 16, 16, 16, 16, 16, 16, 16, 16, 16, 16, 16, 16, 16, 16, 16, 16, 16, 16, 16, 16, 16, 16, 16, 16, 16, 16, 16, 16, 16, 16, 16, 16, 16, 16, 16, 16, 16, 16, 16, 16, 16, 16, 16, 16, 16, 16, 16, 16, 16, 16, 16, 16, 16, 16, 16, 16, 16], [16, 16, 16, 16, 16, 16, 16, 16, 16, 16, 16, 16, 16, 16, 16, 16, 16, 16, 16, 16, 16, 16, 16, 16, 16, 16, 16, 16, 16, 16, 16, 16, 16, 16, 16, 16, 16, 16, 16, 16, 16, 16, 16, 16, 16, 16, 16, 16, 16, 16, 16, 16, 16, 16, 16, 16, 16, 16, 16, 16, 16, 16, 16, 16, 16, 16, 16, 16, 16, 16, 16, 16, 16, 16, 16, 16, 16, 16, 16, 16, 16, 16, 16, 16, 16, 16, 16, 16, 16, 16, 16, 16, 16, 16, 16, 16, 16, 16, 16, 16, 16, 16, 16, 16, 16, 16, 16, 16, 16, 16, 16, 16, 16, 16, 16, 16, 16, 16, 16, 16, 16, 16, 16, 16, 16, 16, 16, 16, 16, 16, 16, 16, 16, 16, 16, 16, 16, 16, 16, 16, 16, 16, 16, 16, 16, 16, 16, 16, 16, 16, 16, 16, 16, 16, 16, 16, 16, 16, 16, 16, 16, 16, 16, 16, 16, 16, 16, 16, 16, 16, 16, 16, 16, 16, 16, 16, 16, 16, 16, 16, 16, 16, 16, 16, 16, 16, 16, 16, 16, 16, 16, 16], [16, 16, 16, 16, 16, 16, 16, 16, 16, 16, 16, 16, 16, 16, 16, 16, 16, 16, 16, 16, 16, 16, 16, 16, 16, 16, 16, 16, 16, 16, 16, 16, 16, 16, 16, 16, 16, 16, 16, 16, 16, 16, 16, 16, 16, 16, 16, 16, 16, 16, 16, 16, 16, 16, 16, 16, 16, 16, 16, 16, 16, 16, 16, 16, 16, 16, 16, 16, 16, 16, 16, 16, 16, 16, 16, 16, 16, 16, 16, 16, 16, 16, 16, 16, 16, 16, 16, 16, 16, 16, 16, 16, 16, 16, 16, 16, 16, 16, 16, 16, 16, 16, 16, 16, 16, 16, 16, 16, 16, 16, 16, 16, 16, 16, 16, 16, 16, 16, 16, 16, 16, 16, 16, 16, 16, 16, 16, 16, 16, 16, 16, 16, 16, 16, 16, 16, 16, 16, 16, 16, 16, 16, 16, 16, 16, 16, 16, 16, 16, 16, 16, 16, 16, 16, 16, 16, 16, 16, 16, 16, 16, 16, 16, 16, 16, 16, 16, 16, 16, 16, 16, 16, 16, 16, 16, 16, 16, 16, 16, 16, 16, 16, 16, 16, 16, 16, 16, 16, 16, 16, 16, 16], [16, 16, 16, 16, 16, 16, 16, 16, 16, 16, 16, 16, 16, 16, 16, 16, 16, 16, 16, 16, 16, 16, 16, 16, 16, 16, 16, 16, 16, 16, 16, 16, 16, 16, 16, 16, 16, 16, 16, 16, 16, 16, 16, 16, 16, 16, 16, 16, 16, 16, 16, 16, 16, 16, 16, 16, 16, 16, 16, 16, 16, 16, 16, 16, 16, 16, 16, 16, 16, 16, 16, 16, 16, 16, 16, 16, 16, 16, 16, 16, 16, 16, 16, 16, 16, 16, 16, 16, 16, 16, 16, 16, 16, 16, 16, 16, 16, 16, 16, 16, 16, 16, 16, 16, 16, 16, 16, 16, 16, 16, 16, 16, 16, 16, 16, 16, 16, 16, 16, 16, 16, 16, 16, 16, 16, 16, 16, 16, 16, 16, 16, 16, 16, 16, 16, 16, 16, 16, 16, 16, 16, 16, 16, 16, 16, 16, 16, 16, 16, 16, 16, 16, 16, 16, 16, 16, 16, 16, 16, 16, 16, 16, 16, 16, 16, 16, 16, 16, 16, 16, 16, 16, 16, 16, 16, 16, 16, 16, 16, 16, 16, 16, 16, 16, 16, 16, 16, 16, 16, 16, 16, 16, 16, 16, 16, 16, 16, 16, 16, 16, 16, 16, 16, 16, 16, 16, 16, 16, 16, 16, 16, 16, 16, 16, 16, 16, 16, 16, 16, 16, 16, 16, 16, 16, 16, 16, 16, 16, 16, 16, 16, 16, 16, 16, 16, 16, 16, 16, 16, 16, 16, 16, 16, 16, 16, 16, 16, 16, 16, 16, 16, 16, 16, 16, 16], [16, 16, 16, 16, 16, 16, 16, 16, 16, 16, 16, 16, 16, 16, 16, 16, 16, 16, 16, 16, 16, 16, 16, 16, 16, 16, 16, 16, 16, 16, 16, 16, 16, 16, 16, 16, 16, 16, 16, 16, 16, 16, 16, 16, 16, 16, 16, 16, 16, 16, 16, 16, 16, 16, 16, 16, 16, 16, 16, 16, 16, 16, 16, 16, 16, 16, 16, 16, 16, 16, 16, 16, 16, 16, 16, 16, 16, 16, 16, 16, 16, 16, 16, 16, 16, 16, 16, 16, 16, 16, 16, 16, 16, 16, 16, 16, 16, 16, 16, 16, 16, 16, 16, 16, 16, 16, 16, 16, 16, 16, 16, 16, 16, 16, 16, 16, 16, 16, 16, 16, 16, 16, 16, 16, 16, 16, 16, 16, 16, 16, 16, 16, 16, 16, 16, 16, 16, 16, 16, 16, 16, 16, 16, 16, 16, 16, 16, 16, 16, 16, 16, 16, 16, 16, 16, 16, 16, 16, 16, 16, 16, 16, 16, 16, 16, 16, 16, 16, 16, 16, 16, 16, 16, 16, 16, 16, 16, 16, 16, 16, 16, 16, 16, 16, 16, 16, 16, 16, 16, 16, 16, 16, 16, 16, 16, 16, 16, 16, 16, 16, 16, 16, 16, 16, 16, 16, 16, 16, 16, 16, 16, 16, 16, 16, 16, 16, 16, 16, 16, 16, 16, 16, 16, 16, 16, 16, 16, 16, 16, 16, 16, 16, 16, 16, 16, 16, 16, 16, 16, 16, 16, 16, 16, 16, 16, 16, 16, 16, 16, 16, 16, 16, 16, 16, 16]], "noise": 0.1, "noise_type": "depolarizing", "tol": 1e-06, "random_seed": 1, "pauli": true, "projective_list": true, "rho": {"real": [0.09627555525827118, -0.006440366251397187, 0.08991495336514142, 0.1054503552967131, 0.02143563103032667, 0.11616914981345863, -0.009227938008533328, 0.08035358282352688, 0.008211202836540109, -0.009202439125569055, -0.07950927233321713, 0.03697610743906925, 0.06012784239678942, 0.011914730888420686, -0.024273573285686554, -0.02814627935506539, -0.006440366251397187, 0.04570448575837753, 0.06430830335182014, -0.0033492927188202466, 0.003165544558719596, 0.045959980036496206, 0.018610274482827423, 0.018576844985234507, 0.033010216587595675, -0.020696005144673874, -0.020673575694484515, -0.03244680373182716, 0.008238663221783973, 0.03415974607887242, -0.013663275398078602, 0.0252779101262433, 0.08991495336514142, 0.06430830335182014, 0.1932069519779997, 0.1042382745573066, 0.027163789434610577, 0.19195434264003183, 0.019330044818487605, 0.11224949386043953, 0.05979640471507431, -0.04169759303979029, -0.11463006736088525, -0.012024017339788303, 0.07520018362443381, 0.06542563209876842, -0.04641515609031099, 0.010052594941245364, 0.1054503552967131, -0.0033492927188202466, 0.1042382745573066, 0.11580266115508081, 0.023854772566331596, 0.13163666864677126, -0.0086349391072468, 0.08997110517369475, 0.011739941722551484, -0.01182337272165279, -0.08921329146267751, 0.03804706404186606, 0.06686119610275713, 0.01591074765913292, -0.027837746150239564, -0.028914084631815898, 0.02143563103032667, 0.003165544558719596, 0.027163789434610577, 0.023854772566331596, 0.0052398913427892345, 0.031323618479285456, -0.00022662996827607076, 0.020323989140557934, 0.0052376229336740686, -0.004214019984748557, -0.020343279520073615, 0.005187609799508894, 0.014633011602718599, 0.006204162318985323, -0.0069575378380231385, -0.003889960539825415, 0.11616914981345863, 0.045959980036496206, 0.19195434264003183, 0.13163666864677126, 0.031323618479285456, 0.20394192225965968, 0.010219474639438153, 0.12538374166214444, 0.04973658398525607, -0.03639673436147235, -0.12678635498827753, 0.009044021960786124, 0.08710352880747263, 0.05586367873429925, -0.04743206827912919, -0.006196754696100454, -0.009227938008533328, 0.018610274482827423, 0.019330044818487605, -0.0086349391072468, -0.00022662996827607076, 0.010219474639438153, 0.00803538171774205, 0.0018173838503000896, 0.012550413984424493, -0.007587758441367653, -0.0027091608319775723, -0.015456320938910993, -0.0008903863824237766, 0.012750749372223326, -0.0037488857095111443, 0.011995626501011658, 0.08035358282352688, 0.018576844985234507, 0.11224949386043953, 0.08997110517369475, 0.020323989140557934, 0.12538374166214444, 0.0018173838503000896, 0.07973667898108672, 0.02460795738498957, -0.018955489142120446, -0.08011139800364783, 0.01500361078501053, 0.05667061245196208, 0.02843823115516979, -0.02834687563680002, -0.011114272017674554, 0.008211202836540109, 0.033010216587595675, 0.05979640471507431, 0.011739941722551484, 0.0052376229336740686, 0.04973658398525607, 0.012550413984424493, 0.02460795738498957, 0.02557660806813559, -0.01658228098627367, -0.026048301400850855, -0.019064326819081007, 0.014216736666014126, 0.0269282211619112, -0.013401928518838481, 0.014941244413092658, -0.009202439125569055, -0.020696005144673874, -0.04169759303979029, -0.01182337272165279, -0.004214019984748557, -0.03639673436147235, -0.007587758441367653, -0.018955489142120446, -0.01658228098627367, 0.010911590054603177, 0.01983519041968693, 0.010574941889819197, -0.01151884934709706, -0.01759401885085556, 0.009516229984594178, -0.008322378936136441, -0.07950927233321713, -0.020673575694484515, -0.11463006736088525, -0.08921329146267751, -0.020343279520073615, -0.12678635498827753, -0.0027091608319775723, -0.08011139800364783, -0.026048301400850855, 0.01983519041968693, 0.08058546497591829, -0.013328598963941351, -0.056695844237861344, -0.029909064333066317, 0.028822911990697846, 0.009813141923806681, 0.03697610743906925, -0.03244680373182716, -0.012024017339788303, 0.03804706404186606, 0.005187609799508894, 0.009044021960786124, -0.015456320938910993, 0.01500361078501053, -0.019064326819081007, 0.010574941889819197, -0.013328598963941351, 0.034044959808627095, 0.014975716703719727, -0.018566993097799387, 0.0007981105173522967, -0.02629863797627957, 0.06012784239678942, 0.008238663221783973, 0.07520018362443381, 0.06686119610275713, 0.014633011602718599, 0.08710352880747263, -0.0008903863824237766, 0.05667061245196208, 0.014216736666014126, -0.01151884934709706, -0.056695844237861344, 0.014975716703719727, 0.04087266401995717, 0.016908142468796156, -0.019299805630526773, -0.011242645385454391, 0.011914730888420686, 0.03415974607887242, 0.06542563209876842, 0.01591074765913292, 0.006204162318985323, 0.05586367873429925, 0.012750749372223326, 0.02843823115516979, 0.0269282211619112, -0.01759401885085556, -0.029909064333066317, -0.018566993097799387, 0.016908142468796156, 0.028465425644149576, -0.014807487711185346, 0.014580553369824532, -0.024273573285686554, -0.013663275398078602, -0.04641515609031099, -0.027837746150239564, -0.0069575378380231385, -0.04743206827912919, -0.0037488857095111443, -0.02834687563680002, -0.013401928518838481, 0.009516229984594178, 0.028822911990697846, 0.0007981105173522967, -0.019299805630526773, -0.014807487711185346, 0.011281813368669683, -0.0008031441947056349, -0.02814627935506539, 0.0252779101262433, 0.010052594941245364, -0.028914084631815898, -0.003889960539825415, -0.006196754696100454, 0.011995626501011658, -0.011114272017674554, 0.014941244413092658, -0.008322378936136441, 0.009813141923806681, -0.02629863797627957, -0.011242645385454391, 0.014580553369824532, -0.0008031441947056349, 0.020317945608932447], "imag": [0.0, 0.06602080298458515, 0.10254953799400804, 0.005402598531059531, 0.006707247636082789, 0.07835400715729933, 0.026238445012966044, 0.034928423536959866, 0.04893851541843222, -0.03107787807102902, -0.03790364097741548, -0.04370886509594486, 0.017879625055156823, 0.050976110555926546, -0.022292520860891098, 0.03411610255691502, -0.06602080298458515, 0.0, -0.0685190959157248, -0.07267381451271336, -0.015148130805439891, -0.08490430446389408, 0.004572818928789029, -0.05743887829080549, -0.008904567369486888, 0.008389516273510493, 0.057058921338634744, -0.022432394172406563, -0.042428628529863024, -0.011580560814837468, 0.018136823973157395, 0.01701906329304021, -0.10254953799400804, 0.0685190959157248, 0.0, -0.10727656458905568, -0.016568403018648314, -0.05056211548141816, 0.03433425369772795, -0.05296915928027503, 0.03695901067306093, -0.019222533401489182, 0.049291172826033736, -0.08020689447828544, -0.04734781111485745, 0.034917113138676445, 0.005035678589563216, 0.061842652566847976, -0.005402598531059531, 0.07267381451271336, 0.10727656458905568, 0.0, 0.006143548442639369, 0.07930198475657058, 0.029256732779405728, 0.03374788662275312, 0.05314144377001538, -0.03352311177741765, -0.03705401356164067, -0.049949152771102456, 0.01620937129308903, 0.05516538905357233, -0.023054802103287256, 0.03894673132141841, -0.006707247636082789, 0.015148130805439891, 0.016568403018648314, -0.006143548442639369, 0.0, 0.009352242417963319, 0.006484841243722365, 0.0021787609575728197, 0.010324047326450437, -0.006278342283701969, -0.002900010112070776, -0.012307745314836176, -0.00020806198501750837, 0.010519700914059899, -0.003272329970209673, 0.00955677949406121, -0.07835400715729933, 0.08490430446389408, 0.05056211548141816, -0.07930198475657058, -0.009352242417963319, 0.0, 0.03917031441921701, -0.02325013790937277, 0.05236807068983029, -0.030010137928133136, 0.018973002455165783, -0.08283356936289227, -0.027361011264006342, 0.05181257590661052, -0.007143780773879341, 0.0640724676837817, -0.026238445012966044, -0.004572818928789029, -0.03433425369772795, -0.029256732779405728, -0.006484841243722365, -0.03917031441921701, 0.0, -0.025247015040569833, -0.006928558125043959, 0.0054867762002571464, 0.02530208330493192, -0.005887817138879795, -0.018100681459861434, -0.008133200554240112, 0.008752115905460196, 0.004400840094381976, -0.034928423536959866, 0.05743887829080549, 0.05296915928027503, -0.03374788662275312, -0.0021787609575728197, 0.02325013790937277, 0.025247015040569833, 0.0, 0.03786610912534502, -0.02259963240276412, -0.0027894912130233193, -0.04989512696242404, -0.006891456622562377, 0.03822310185493425, -0.00979943735802932, 0.038685377910675285, -0.04893851541843222, 0.008904567369486888, -0.03695901067306093, -0.05314144377001538, -0.010324047326450437, -0.05236807068983029, 0.006928558125043959, -0.03786610912534502, 0.0, 0.002027170323139705, 0.037183179635528224, -0.022523455255709604, -0.02903908584835689, -0.0017087832654458404, 0.01043737662462464, 0.017216949409741236, 0.03107787807102902, -0.008389516273510493, 0.019222533401489182, 0.03352311177741765, 0.006278342283701969, 0.030010137928133136, -0.0054867762002571464, 0.02259963240276412, -0.002027170323139705, 0.0, -0.022042703536353302, 0.016113821672220637, 0.017700335136493415, -0.0010264287771141283, -0.005704725184597058, -0.012346623104304595, 0.03790364097741548, -0.057058921338634744, -0.049291172826033736, 0.03705401356164067, 0.002900010112070776, -0.018973002455165783, -0.02530208330493192, 0.0027894912130233193, -0.037183179635528224, 0.022042703536353302, 0.0, 0.050654490086497625, 0.008906395511591555, -0.037407852544508916, 0.008853808246300778, -0.03925599750145786, 0.04370886509594486, 0.022432394172406563, 0.08020689447828544, 0.049949152771102456, 0.012307745314836176, 0.08283356936289227, 0.005887817138879795, 0.04989512696242404, 0.022523455255709604, -0.016113821672220637, -0.050654490086497625, 0.0, 0.03416483737764445, 0.024987417619610184, -0.01958192795173353, 0.0003244722523766501, -0.017879625055156823, 0.042428628529863024, 0.04734781111485745, -0.01620937129308903, 0.00020806198501750837, 0.027361011264006342, 0.018100681459861434, 0.006891456622562377, 0.02903908584835689, -0.017700335136493415, -0.008906395511591555, -0.03416483737764445, 0.0, 0.02962385013453333, -0.009414630634145146, 0.026533968590969972, -0.050976110555926546, 0.011580560814837468, -0.034917113138676445, -0.05516538905357233, -0.010519700914059899, -0.05181257590661052, 0.008133200554240112, -0.03822310185493425, 0.0017087832654458404, 0.0010264287771141283, 0.037407852544508916, -0.024987417619610184, -0.02962385013453333, 0.0, 0.010093558701475635, 0.019125021134697877, 0.022292520860891098, -0.018136823973157395, -0.005035678589563216, 0.023054802103287256, 0.003272329970209673, 0.007143780773879341, -0.008752115905460196, 0.00979943735802932, -0.01043737662462464, 0.005704725184597058, -0.008853808246300778, 0.01958192795173353, 0.009414630634145146, -0.010093558701475635, 0.0, -0.015118803848098175, -0.03411610255691502, -0.01701906329304021, -0.061842652566847976, -0.03894673132141841, -0.00955677949406121, -0.0640724676837817, -0.004400840094381976, -0.038685377910675285, -0.017216949409741236, 0.012346623104304595, 0.03925599750145786, -0.0003244722523766501, -0.026533968590969972, -0.019125021134697877, 0.015118803848098175, 0.0]}, "sigma": {"real": [0.09289799973244407, -0.005796329626257469, 0.08092345802862728, 0.0949053197670418, 0.019292067927294, 0.10455223483211278, -0.008305144207679995, 0.07231822454117419, 0.007390082552886098, -0.00828219521301215, -0.07155834509989542, 0.03327849669516232, 0.05411505815711048, 0.010723257799578619, -0.021846215957117898, -0.025331651419558853, -0.005796329626257469, 0.04738403718253978, 0.05787747301663813, -0.003014363446938222, 0.0028489901028476363, 0.04136398203284659, 0.01674924703454468, 0.016719160486711057, 0.02970919492883611, -0.018626404630206487, -0.018606218125036062, -0.029202123358644444, 0.007414796899605576, 0.030743771470985178, -0.012296947858270742, 0.02275011911361897, 0.08092345802862728, 0.05787747301663813, 0.18013625678019973, 0.09381444710157594, 0.02444741049114952, 0.17275890837602864, 0.017397040336638844, 0.10102454447439559, 0.05381676424356688, -0.03752783373581126, -0.10316706062479673, -0.010821615605809473, 0.06768016526199043, 0.05888306888889158, -0.04177364048127989, 0.009047335447120828, 0.0949053197670418, -0.003014363446938222, 0.09381444710157594, 0.11047239503957273, 0.021469295309698436, 0.11847300178209413, -0.00777144519652212, 0.08097399465632528, 0.010565947550296335, -0.010641035449487512, -0.08029196231640975, 0.03424235763767945, 0.060175076492481425, 0.014319672893219629, -0.02505397153521561, -0.02602267616863431, 0.019292067927294, 0.0028489901028476363, 0.02444741049114952, 0.021469295309698436, 0.010965902208510313, 0.028191256631356913, -0.0002039669714484637, 0.01829159022650214, 0.004713860640306662, -0.0037926179862737015, -0.018308951568066254, 0.0046688488195580045, 0.013169710442446738, 0.005583746087086791, -0.006261784054220825, -0.0035009644858428734, 0.10455223483211278, 0.04136398203284659, 0.17275890837602864, 0.11847300178209413, 0.028191256631356913, 0.1897977300336937, 0.009197527175494338, 0.11284536749593001, 0.044762925586730465, -0.03275706092532512, -0.11410771948944978, 0.008139619764707512, 0.07839317592672537, 0.050277310860869326, -0.042688861451216274, -0.0055770792264904084, -0.008305144207679995, 0.01674924703454468, 0.017397040336638844, -0.00777144519652212, -0.0002039669714484637, 0.009197527175494338, 0.013481843545967844, 0.0016356454652700807, 0.011295372585982044, -0.006828982597230888, -0.002438244748779815, -0.013910688845019894, -0.000801347744181399, 0.011475674435000994, -0.00337399713856003, 0.010796063850910493, 0.07231822454117419, 0.016719160486711057, 0.10102454447439559, 0.08097399465632528, 0.01829159022650214, 0.11284536749593001, 0.0016356454652700807, 0.07801301108297805, 0.022147161646490613, -0.017059940227908403, -0.07210025820328306, 0.013503249706509476, 0.051003551206765876, 0.02559440803965281, -0.02551218807312002, -0.0100028448159071, 0.007390082552886098, 0.02970919492883611, 0.05381676424356688, 0.010565947550296335, 0.004713860640306662, 0.044762925586730465, 0.011295372585982044, 0.022147161646490613, 0.02926894726132203, -0.014924052887646306, -0.02344347126076577, -0.01715789413717291, 0.012795062999412713, 0.024235399045720078, -0.012061735666954633, 0.013447119971783392, -0.00828219521301215, -0.018626404630206487, -0.03752783373581126, -0.010641035449487512, -0.0037926179862737015, -0.03275706092532512, -0.006828982597230888, -0.017059940227908403, -0.014924052887646306, 0.01607043104914286, 0.017851671377718238, 0.009517447700837277, -0.010366964412387355, -0.015834616965770005, 0.008564606986134761, -0.007490141042522797, -0.07155834509989542, -0.018606218125036062, -0.10316706062479673, -0.08029196231640975, -0.018308951568066254, -0.11410771948944978, -0.002438244748779815, -0.07210025820328306, -0.02344347126076577, 0.017851671377718238, 0.07877691847832646, -0.011995739067547216, -0.05102625981407521, -0.026918157899759685, 0.025940620791628063, 0.008831827731426014, 0.03327849669516232, -0.029202123358644444, -0.010821615605809473, 0.03424235763767945, 0.0046688488195580045, 0.008139619764707512, -0.013910688845019894, 0.013503249706509476, -0.01715789413717291, 0.009517447700837277, -0.011995739067547216, 0.03689046382776439, 0.013478145033347754, -0.01671029378801945, 0.0007182994656170671, -0.023668774178651614, 0.05411505815711048, 0.007414796899605576, 0.06768016526199043, 0.060175076492481425, 0.013169710442446738, 0.07839317592672537, -0.000801347744181399, 0.051003551206765876, 0.012795062999412713, -0.010366964412387355, -0.05102625981407521, 0.013478145033347754, 0.043035397617961456, 0.015217328221916541, -0.017369825067474098, -0.010118380846908952, 0.010723257799578619, 0.030743771470985178, 0.05888306888889158, 0.014319672893219629, 0.005583746087086791, 0.050277310860869326, 0.011475674435000994, 0.02559440803965281, 0.024235399045720078, -0.015834616965770005, -0.026918157899759685, -0.01671029378801945, 0.015217328221916541, 0.03186888307973462, -0.013326738940066812, 0.01312249803284208, -0.021846215957117898, -0.012296947858270742, -0.04177364048127989, -0.02505397153521561, -0.006261784054220825, -0.042688861451216274, -0.00337399713856003, -0.02551218807312002, -0.012061735666954633, 0.008564606986134761, 0.025940620791628063, 0.0007182994656170671, -0.017369825067474098, -0.013326738940066812, 0.016403632031802715, -0.0007228297752350714, -0.025331651419558853, 0.02275011911361897, 0.009047335447120828, -0.02602267616863431, -0.0035009644858428734, -0.0055770792264904084, 0.010796063850910493, -0.0100028448159071, 0.013447119971783392, -0.007490141042522797, 0.008831827731426014, -0.023668774178651614, -0.010118380846908952, 0.01312249803284208, -0.0007228297752350714, 0.024536151048039204], "imag": [0.0, 0.05941872268612664, 0.09229458419460723, 0.004862338677953579, 0.00603652287247451, 0.0705186064415694, 0.02361460051166944, 0.03143558118326388, 0.044044663876589, -0.027970090263926117, -0.03411327687967393, -0.03933797858635038, 0.01609166254964114, 0.045878499500333896, -0.02006326877480199, 0.03070449230122352, -0.05941872268612664, 0.0, -0.06166718632415232, -0.06540643306144203, -0.013633317724895903, -0.07641387401750467, 0.004115537035910126, -0.05169499046172494, -0.008014110632538199, 0.007550564646159445, 0.05135302920477127, -0.020189154755165906, -0.038185765676876725, -0.010422504733353722, 0.016323141575841655, 0.01531715696373619, -0.09229458419460723, 0.06166718632415232, 0.0, -0.09654890813015012, -0.014911562716783483, -0.045505903933276345, 0.030900828327955154, -0.047672243352247526, 0.033263109605754834, -0.017300280061340264, 0.04436205554343036, -0.0721862050304569, -0.0426130300033717, 0.0314254018248088, 0.004532110730606894, 0.05565838731016318, -0.004862338677953579, 0.06540643306144203, 0.09654890813015012, 0.0, 0.0055291935983754325, 0.07137178628091352, 0.026331059501465155, 0.030373097960477807, 0.04782729939301385, -0.030170800599675886, -0.0333486122054766, -0.04495423749399221, 0.014588434163780126, 0.049648850148215094, -0.02074932189295853, 0.03505205818927657, -0.00603652287247451, 0.013633317724895903, 0.014911562716783483, -0.0055291935983754325, 0.0, 0.008417018176166987, 0.005836357119350129, 0.0019608848618155377, 0.009291642593805393, -0.005650508055331772, -0.0026100091008636984, -0.011076970783352558, -0.00018725578651575755, 0.009467730822653909, -0.0029450969731887057, 0.00860110154465509, -0.0705186064415694, 0.07641387401750467, 0.045505903933276345, -0.07137178628091352, -0.008417018176166987, 0.0, 0.03525328297729531, -0.020925124118435494, 0.04713126362084726, -0.027009124135319824, 0.017075702209649206, -0.07455021242660305, -0.024624910137605708, 0.04663131831594947, -0.006429402696491408, 0.057665220915403534, -0.02361460051166944, -0.004115537035910126, -0.030900828327955154, -0.026331059501465155, -0.005836357119350129, -0.03525328297729531, 0.0, -0.02272231353651285, -0.006235702312539564, 0.004938098580231432, 0.02277187497443873, -0.005299035424991816, -0.016290613313875293, -0.007319880498816101, 0.007876904314914177, 0.003960756084943779, -0.03143558118326388, 0.05169499046172494, 0.047672243352247526, -0.030373097960477807, -0.0019608848618155377, 0.020925124118435494, 0.02272231353651285, 0.0, 0.03407949821281052, -0.02033966916248771, -0.0025105420917209873, -0.044905614266181636, -0.00620231096030614, 0.03440079166944083, -0.00881949362222639, 0.034816840119607756, -0.044044663876589, 0.008014110632538199, -0.033263109605754834, -0.04782729939301385, -0.009291642593805393, -0.04713126362084726, 0.006235702312539564, -0.03407949821281052, 0.0, 0.0018244532908257346, 0.033464861671975404, -0.020271109730138643, -0.026135177263521204, -0.0015379049389012563, 0.009393638962162176, 0.015495254468767114, 0.027970090263926117, -0.007550564646159445, 0.017300280061340264, 0.030170800599675886, 0.005650508055331772, 0.027009124135319824, -0.004938098580231432, 0.02033966916248771, -0.0018244532908257346, 0.0, -0.019838433182717972, 0.014502439504998573, 0.015930301622844072, -0.0009237858994027155, -0.0051342526661373525, -0.011111960793874135, 0.03411327687967393, -0.05135302920477127, -0.04436205554343036, 0.0333486122054766, 0.0026100091008636984, -0.017075702209649206, -0.02277187497443873, 0.0025105420917209873, -0.033464861671975404, 0.019838433182717972, 0.0, 0.045589041077847864, 0.0080157559604324, -0.03366706729005803, 0.0079684274216707, -0.035330397751312075, 0.03933797858635038, 0.020189154755165906, 0.0721862050304569, 0.04495423749399221, 0.011076970783352558, 0.07455021242660305, 0.005299035424991816, 0.044905614266181636, 0.020271109730138643, -0.014502439504998573, -0.045589041077847864, 0.0, 0.030748353639880002, 0.022488675857649167, -0.01762373515656018, 0.0002920250271389851, -0.01609166254964114, 0.038185765676876725, 0.0426130300033717, -0.014588434163780126, 0.00018725578651575755, 0.024624910137605708, 0.016290613313875293, 0.00620231096030614, 0.026135177263521204, -0.015930301622844072, -0.0080157559604324, -0.030748353639880002, 0.0, 0.026661465121079995, -0.008473167570730631, 0.023880571731872975, -0.045878499500333896, 0.010422504733353722, -0.0314254018248088, -0.049648850148215094, -0.009467730822653909, -0.04663131831594947, 0.007319880498816101, -0.03440079166944083, 0.0015379049389012563, 0.0009237858994027155, 0.03366706729005803, -0.022488675857649167, -0.026661465121079995, 0.0, 0.009084202831328072, 0.01721251902122809, 0.02006326877480199, -0.016323141575841655, -0.004532110730606894, 0.02074932189295853, 0.0029450969731887057, 0.006429402696491408, -0.007876904314914177, 0.00881949362222639, -0.009393638962162176, 0.0051342526661373525, -0.0079684274216707, 0.01762373515656018, 0.008473167570730631, -0.009084202831328072, 0.0, -0.013606923463288357, -0.03070449230122352, -0.01531715696373619, -0.05565838731016318, -0.03505205818927657, -0.00860110154465509, -0.057665220915403534, -0.003960756084943779, -0.034816840119607756, -0.015495254468767114, 0.011111960793874135, 0.035330397751312075, -0.0002920250271389851, -0.023880571731872975, -0.01721251902122809, 0.013606923463288357, 0.0]}}